LAT=-26.563735
LON=-54.761462
APIKEY=3b6166bfff5722d717e88112f1c79cfa
ID=Virtual001
KEYDEVICE=VirtualKEY001
